11 54 38 56 34 
11 54 38 56 34 

11 54 38 56 34 65 67 9 4 
11 54 38 56 34 65 67 9 4 

6 32 21 67 
11 54 38 56 34 65 67 9 4 6 6 32 21 67 
11 54 38 56 34 65 67 9 4 6 6 32 21 67 

6 32 21 67 98 76 12 10 3 
11 54 38 56 34 65 67 9 4 6 6 32 21 67 98 76 12 10 3 
11 54 38 56 34 65 67 9 4 6 6 32 21 67 98 76 12 10 3 

6 32 21 67 98 76 12 10 3 24 
11 54 38 56 34 65 67 9 4 6 6 32 21 67 98 76 12 10 3 24 
11 54 38 56 34 65 67 9 4 6 6 32 21 67 98 76 12 10 3 24 

Ok
Ok
Ok
Ok
Ok
6 32 21 67 98 76 12 10 3 24 
65 67 9 4 6 6 32 21 67 98 76 12 10 3 24 
65 67 9 4 6 6 32 21 67 98 76 12 10 3 24 

Ok
Ok
error
Ok
Ok
6 32 21 67 98 76 12 10 3 24 
6 6 32 21 67 98 76 12 10 3 24 
6 6 32 21 67 98 76 12 10 3 24 

Ok
Ok
Ok
Ok
98 76 12 10 3 24 
6 98 76 12 10 3 24 
6 98 76 12 10 3 24 

Ok
