56
3 54 12 56 
3 54 12 56 
3 54 12 56 

3
3 54 12 56 65 9 2 
3 54 12 56 65 9 2 
3 54 12 56 65 9 2 

679
3
32 21 
32 21 
32 21 
32 21 
3 54 12 56 65 9 2 679 32 21 
3 54 12 56 65 9 2 679 32 21 
3 54 12 56 65 9 2 679 32 21 

32 21 98 76 12 10 3 
32 21 98 76 12 10 3 
32 21 98 76 12 10 3 
32 21 98 76 12 10 3 
3 54 12 56 65 9 2 679 32 21 98 76 12 10 3 
3 54 12 56 65 9 2 679 32 21 98 76 12 10 3 
3 54 12 56 65 9 2 679 32 21 98 76 12 10 3 

32 21 98 76 12 10 3 24 
32 21 98 76 12 10 3 24 
32 21 98 76 12 10 3 24 
32 21 98 76 12 10 3 24 
3 54 12 56 65 9 2 679 32 21 98 76 12 10 3 24 
3 54 12 56 65 9 2 679 32 21 98 76 12 10 3 24 
3 54 12 56 65 9 2 679 32 21 98 76 12 10 3 24 

2417
32 21 98 76 12 10 3 24 2417 
32 21 98 76 12 10 3 24 2417 
32 21 98 76 12 10 3 24 2417 
32 21 98 76 12 10 3 24 2417 
3 54 12 56 65 9 2 679 32 21 98 76 12 10 3 24 2417 
3 54 12 56 65 9 2 679 32 21 98 76 12 10 3 24 2417 
3 54 12 56 65 9 2 679 32 21 98 76 12 10 3 24 2417 

3
32 21 98 76 12 10 3 24 2417 15 
32 21 98 76 12 10 3 24 2417 15 
32 21 98 76 12 10 3 24 2417 15 
32 21 98 76 12 10 3 24 2417 15 
3 0 12 56 65 9 2 679 32 21 98 76 12 10 3 24 2417 15 
3 0 12 56 65 9 2 679 32 21 98 76 12 10 3 24 2417 15 
3 0 12 56 65 9 2 679 32 21 98 76 12 10 3 24 2417 15 
